10
83
82 99 89 99 51 58 85 10 9 46 66 28 11 66 22 96 10 27 75 86 29 58 48 74 8 99 99 1 24 92 69 93 13 74 38 8 20 26 7 36 88 28 69 72 80 51 6 12 87 42 92 66 95 6 42 100 94 65 52 1 16 28 73 46 25 40 88 99 65 86 45 52 64 49 79 48 38 1 12 73 51 8 21
64
67 56 98 31 58 46 18 31 45 57 94 85 97 27 78 72 91 1 72 90 77 76 68 43 53 18 22 46 65 44 59 23 6 7 54 43 84 41 87 44 61 32 23 82 3 36 90 23 22 53 70 60 52 88 19 66 82 97 78 86 49 47 10 20
58
62 90 2 82 89 45 97 99 51 41 60 29 60 67 27 65 75 86 13 64 87 82 52 88 10 21 74 12 72 73 14 98 9 26 38 40 2 27 7 36 93 18 24 54 92 4 45 76 35 91 76 6 94 19 55 36 8 86
96
8 6 66 28 20 29 57 25 93 20 99 36 55 28 91 61 77 30 23 30 56 44 3 76 7 60 36 40 98 42 38 73 60 98 100 69 21 98 5 53 54 28 78 83 44 56 69 52 9 31 21 72 99 23 5 53 58 48 49 84 57 39 92 49 54 50 32 28 16 58 16 10 84 12 91 58 48 20 93 52 64 54 42 83 11 5 73 1 51 62 69 7 67 11 34 94
45
67 82 60 72 60 76 16 46 66 64 11 97 80 51 78 34 29 60 53 83 97 50 21 68 74 19 39 35 29 76 12 25 100 41 20 42 24 4 89 53 17 87 94 80 70
38
40 19 67 30 41 15 5 69 58 41 75 2 43 51 67 90 52 39 41 9 74 88 75 81 96 47 62 2 47 78 24 72 67 56 42 53 54 68
76
16 70 8 70 43 58 17 26 52 49 66 92 12 92 47 41 2 75 38 98 12 95 1 10 82 20 27 56 70 85 83 61 22 23 10 51 94 29 72 29 49 13 63 18 13 2 81 61 93 40 93 49 59 96 83 31 79 100 19 71 67 94 37 99 57 33 91 61 4 4 2 74 52 94 92 19
39
77 43 41 22 45 96 70 55 66 10 60 17 87 63 30 62 33 32 56 94 97 73 66 38 10 25 93 99 92 60 75 74 1 52 98 18 22 35 69
18
74 30 27 1 91 31 72 27 55 68 22 24 82 32 54 96 89 84
44
85 67 90 56 51 31 3 53 26 21 8 79 41 67 94 51 80 37 38 58 80 3 62 13 22 72 66 30 98 47 47 28 3 24 44 37 71 38 70 12 34 16 16 73
